Study                  : no-name-ec7cd4a4-0fb8-4c8b-8622-dd1790d4556f
- Start                : 2026-05-05 13:41:09.364499
- End                  : 2026-05-05 13:41:51.131749
- Duration             : 0:00:41.767250
