Study                  : no-name-7dd510a2-c661-4a4b-9323-03e94fea0407
- Start                : 2026-04-30 13:11:17.662101
- End                  : 2026-04-30 13:11:20.064093
- Duration             : 0:00:02.401992
