Study                  : no-name-08084f26-111a-4efd-a4f3-2d3afd667c7d
- Start                : 2026-04-30 13:07:15.823445
- End                  : 2026-04-30 13:07:18.300539
- Duration             : 0:00:02.477094
