Study                  : no-name-efe54b25-f8b4-48ac-899d-2cad64b882a0
- Start                : 2026-05-05 20:45:02.845928
- End                  : 2026-05-05 22:48:44.797433
- Duration             : 2:03:41.951505
