Study                  : no-name-f5b649f5-6c56-4e8d-ba84-4b67cabad19c
- Start                : 2026-04-30 11:53:40.856159
- End                  : 2026-04-30 12:24:35.350646
- Duration             : 0:30:54.494487
