Study                  : no-name-2597aa46-0d93-4987-908d-6d4327884669
- Start                : 2026-04-30 13:10:05.236109
- End                  : 2026-04-30 13:10:46.057725
- Duration             : 0:00:40.821616
