Study                  : no-name-46ad596a-497d-4233-b97e-71d13d059b62
- Start                : 2026-04-30 14:51:18.894731
- End                  : 2026-04-30 14:52:46.758196
- Duration             : 0:01:27.863465
