Study                  : no-name-674dbdc8-0bb5-4257-98d4-2cb944f5f0cd
- Start                : 2026-04-30 13:24:55.245201
- End                  : 2026-04-30 13:31:23.506656
- Duration             : 0:06:28.261455
