Study                  : no-name-5c552b65-bd8b-4d3b-b329-ce0edae37c78
- Start                : 2026-04-30 13:09:13.391685
- End                  : 2026-04-30 13:09:15.567677
- Duration             : 0:00:02.175992
