Study                  : no-name-d6bbecfa-3167-4c50-9f17-e464fd2d4655
- Start                : 2026-04-30 11:43:32.741577
- End                  : 2026-04-30 11:45:06.846995
- Duration             : 0:01:34.105418
