Study                  : no-name-e21dd01b-0a5d-489e-b973-f0de1ff3800b
- Start                : 2026-05-05 13:40:07.952154
- End                  : 2026-05-05 13:40:46.339925
- Duration             : 0:00:38.387771
